1 0
10 8
10 9
101 100
101 17
102 100
104 102
104 103
105 104
106 102
107 106
108 107
109 100
11 4
110 109
111 110
112 111
115 114
116 113
116 115
117 116
118 117
119 118
12 11
12 8
120 110
120 119
121 112
123 122
124 113
124 123
125 122
126 125
127 126
128 125
129 128
13 4
130 126
131 0
131 130
133 132
134 133
135 134
136 120
136 135
137 135
139 138
14 13
140 137
140 138
141 140
142 141
143 142
144 143
146 143
146 145
148 145
148 147
149 147
15 14
15 8
150 149
151 150
152 69
153 152
154 153
155 154
156 155
157 156
158 157
159 156
16 15
160 159
161 160
162 159
165 163
165 164
166 162
167 166
168 167
169 168
17 8
170 166
171 158
172 171
173 172
174 173
175 174
176 175
177 176
178 177
179 163
179 178
18 17
180 179
181 172
182 181
183 182
184 181
185 184
186 183
186 185
187 183
188 187
189 185
19 18
190 189
191 190
192 191
194 190
194 193
195 194
196 195
198 191
198 197
199 180
2 1
20 19
200 199
201 200
203 201
203 202
204 202
205 204
206 203
206 205
207 206
208 202
209 180
209 208
21 20
210 208
211 162
211 163
212 211
213 210
214 213
215 210
216 215
217 216
218 216
219 214
219 218
22 21
220 219
221 214
222 221
223 220
223 222
224 220
225 221
226 225
228 226
228 227
229 224
229 227
23 22
230 218
232 230
232 231
233 232
234 233
236 231
236 235
237 234
237 236
238 237
239 237
24 23
240 239
241 240
242 238
243 242
244 241
244 243
245 244
246 229
246 241
247 238
248 235
248 247
25 24
250 249
251 235
251 250
253 250
253 252
254 249
255 254
257 255
257 256
258 256
26 20
260 259
261 249
261 260
263 259
263 262
264 262
265 263
265 264
266 264
267 259
268 267
269 197
269 268
27 19
270 269
271 197
272 271
273 272
274 273
275 272
275 274
276 274
277 18
277 275
278 277
279 278
28 26
280 278
281 279
282 281
283 282
284 280
285 284
286 273
286 285
287 286
288 285
288 287
289 283
289 284
289 288
29 28
290 287
291 290
292 17
292 283
292 291
293 291
294 293
295 294
296 294
297 295
298 296
298 297
299 290
299 298
3 2
30 26
300 293
301 300
302 301
303 302
304 303
305 304
306 305
307 306
308 305
308 307
309 308
31 30
310 309
311 310
313 310
313 312
314 312
315 301
315 311
316 315
317 314
318 317
319 318
32 30
321 319
321 320
322 320
323 321
324 317
325 314
326 325
327 326
328 327
329 328
33 27
330 329
331 330
332 331
333 332
334 332
335 334
336 334
337 335
337 336
338 335
339 338
341 339
341 340
342 340
343 342
344 343
345 337
345 344
346 336
347 346
349 347
349 348
35 33
35 34
350 347
351 350
352 351
353 352
354 353
355 353
356 353
357 356
358 357
36 34
360 358
360 359
361 359
362 328
363 362
364 363
365 364
366 365
367 299
367 366
368 367
369 366
37 36
371 369
371 370
372 371
373 369
373 372
374 373
375 358
376 375
377 374
377 376
378 377
379 376
38 34
380 379
381 380
382 381
383 246
384 383
385 384
386 385
388 387
389 388
39 24
390 386
390 388
391 228
391 390
392 386
394 392
394 393
395 394
396 392
398 397
399 398
4 3
40 38
40 39
400 396
400 399
401 400
402 396
403 402
404 403
405 404
406 402
407 403
407 406
408 407
409 408
41 38
41 39
410 406
411 409
411 410
412 161
413 412
414 413
415 162
416 414
416 415
417 170
418 417
419 416
419 418
42 41
420 410
421 420
422 420
423 422
424 423
425 424
426 425
427 422
427 426
428 425
429 428
43 42
430 421
430 429
431 429
432 431
433 430
434 432
434 433
435 433
436 435
437 435
438 436
438 437
439 438
44 43
441 437
441 440
442 432
443 442
444 417
444 443
445 422
446 445
447 411
448 447
449 448
45 43
450 448
451 450
452 447
452 451
454 453
455 451
455 453
456 455
458 456
458 457
459 383
46 38
46 45
460 459
461 460
462 460
463 461
463 462
464 398
464 461
465 459
466 465
467 465
468 467
469 467
47 46
470 468
472 469
472 470
472 471
473 471
474 471
475 474
476 473
476 475
477 476
478 473
478 477
479 475
48 47
480 474
480 479
481 470
482 481
483 482
484 483
485 484
486 485
488 486
488 487
489 478
489 487
49 25
490 487
491 490
492 491
493 490
494 493
495 494
496 492
497 496
498 497
5 4
50 25
500 499
501 500
502 496
502 501
503 495
504 503
505 504
506 479
506 489
507 506
508 507
509 480
51 50
510 509
511 510
513 512
514 511
514 513
516 515
517 516
518 517
52 27
520 518
520 519
521 518
522 509
522 521
523 521
525 523
525 524
526 525
527 505
528 266
528 524
529 266
529 267
53 52
530 524
530 527
531 530
533 531
533 532
534 532
535 529
535 532
536 535
537 536
538 533
539 382
54 53
540 538
540 539
541 539
542 541
543 541
544 543
545 536
545 540
545 543
546 382
546 538
547 546
548 547
549 547
55 52
55 54
550 355
550 549
551 550
552 551
553 552
554 548
555 355
555 554
556 354
556 555
557 556
558 557
56 53
560 559
561 560
562 561
563 558
563 562
565 527
565 564
566 565
567 566
568 564
569 568
57 56
570 569
571 570
573 572
574 573
575 574
576 573
577 576
578 577
579 578
580 579
581 571
581 580
582 581
583 582
584 527
585 584
586 585
587 585
588 587
589 588
59 57
59 58
590 589
591 589
592 591
593 587
594 584
594 593
595 593
596 595
597 594
598 595
598 597
599 596
6 5
60 58
600 599
601 596
601 598
602 597
603 602
604 603
605 604
606 602
607 605
607 606
608 605
61 60
611 609
611 610
612 611
614 613
615 614
616 615
617 615
618 617
619 617
62 59
620 619
621 620
622 620
623 622
624 623
626 625
627 626
628 623
629 627
629 628
63 62
630 629
631 630
632 612
632 631
633 632
634 608
634 633
635 633
636 572
636 635
637 528
638 637
639 638
64 63
640 637
640 639
641 640
642 251
643 642
644 643
645 644
646 633
647 646
648 647
649 647
65 64
651 649
651 650
653 651
653 652
654 653
655 598
655 654
656 601
657 654
658 657
659 658
66 63
660 659
661 633
662 661
663 662
664 663
665 664
666 648
667 666
668 667
669 668
67 66
670 665
671 669
672 670
673 671
674 673
675 673
676 675
677 674
677 676
678 674
679 678
68 67
680 679
681 676
682 680
682 681
683 671
684 672
685 683
686 684
687 685
688 687
689 688
69 55
69 68
690 686
691 690
692 690
693 691
693 692
694 692
695 693
695 694
696 695
697 694
697 696
699 686
699 698
7 6
70 63
700 689
701 698
701 700
702 689
703 702
704 703
705 700
706 705
707 706
708 704
709 707
71 70
710 709
711 701
713 711
713 712
714 713
715 710
716 715
717 711
718 716
718 717
719 708
719 717
72 71
720 719
721 708
722 720
723 722
724 720
725 724
726 725
727 721
728 727
729 728
73 72
730 723
732 731
733 729
733 732
734 730
734 731
735 732
736 735
737 736
739 737
739 738
74 73
740 737
741 736
741 740
742 740
743 741
743 742
744 742
744 743
745 732
745 745
746 733
747 745
748 746
748 747
749 748
75 74
750 747
751 750
752 748
752 751
753 751
754 753
755 635
755 754
756 201
757 36
758 47
759 47
76 74
760 31
761 28
762 49
763 182
764 187
765 188
766 176
767 209
768 210
769 206
77 76
770 227
771 389
772 216
773 642
774 254
775 260
776 261
777 269
778 1
778 103
778 129
779 139
78 77
780 142
781 139
782 148
783 149
784 150
785 280
785 283
786 274
787 270
788 297
789 315
79 78
790 372
791 333
791 359
792 316
792 327
793 332
794 337
794 341
795 347
796 558
796 559
797 343
798 351
798 556
8 7
80 73
801 381
802 544
803 538
804 538
805 583
806 582
807 573
808 600
808 601
809 660
81 80
810 591
810 593
811 266
812 252
813 638
813 639
814 523
815 515
815 518
816 477
817 248
817 522
818 507
819 520
82 81
820 478
820 483
821 466
822 474
824 448
825 407
826 613
827 86
827 95
829 324
83 81
830 829
831 830
832 323
833 495
833 498
834 355
834 550
834 799
834 800
835 554
835 834
836 63
836 828
837 154
837 828
84 83
85 84
86 85
87 83
88 87
89 73
89 88
9 4
90 79
90 89
91 79
92 91
93 92
94 93
95 92
96 70
97 96
98 97
99 96
99 98