36.63258985759733 127.45301531855122 1
36.63217616646404 127.453047538886 1
36.63192622699476 127.45307975922077 1
36.63179694764084 127.45314956994612 1
36.631503913635626 127.45361139474471 1
36.63151684162993 127.4536865755259 1
36.631426345624185 127.45387452747882 1
36.63134877753468 127.45396044837157 1
36.631262590677004 127.45403562915273 1
36.63149098563914 127.45368120547008 1
36.631391897582695 127.45385304161788 1
36.631456537626526 127.45366508966497 1
36.63137035088936 127.45377786083668 1
36.631447918957136 127.45361138910695 1
36.63134449484941 127.45375638061351 1
36.63129278274347 127.45384767156209 1
36.63055588146352 127.45321400497797 1
36.63091329301843 127.45462585044245 1
36.62981613422457 127.45400259134166 1
36.62950602817856 127.4538038372617 1
36.62968702459393 127.45350848419281 1
36.62993697132584 127.45371791636889 1
36.630389459036934 127.45295536844564 1
36.63052305013887 127.45270297582316 1
36.63044117174901 127.45262242498619 1
36.63070404416564 127.4522089306898 1
36.629804054489234 127.45330017957025 1
36.62888037886323 127.45345689779778 1
36.62986814942067 127.45321970766204 1
36.63013102379195 127.45277936308663 1
36.629450134229586 127.45299416531856 1
36.62941134919999 127.45295657492795 1
36.62975610433414 127.45242493940398 1
36.629140413223844 127.45302617141816 1
36.629144722687684 127.4529187703022 1
36.629127484830875 127.45296710080437 1
36.628950796576056 127.45275766862828 1
36.628752560490895 127.45308524203193 1
36.629615061445456 127.45209170278062 1
36.62981329531205 127.45208633272482 1
36.629748653889834 127.45220984400818 1
36.629684012413406 127.45197893160886 1
36.629692631280044 127.4519037508277 1
36.6299253403154 127.45146877630809 1
36.62997274392167 127.45139359552694 1
36.62983484244074 127.45139896558274 1
36.62950732543453 127.45199504177627 1
36.62925737730915 127.45178560960012 1
36.62947715932447 127.45139359552694 1
36.63048092918999 127.45199073725858 1
36.6307696577125 127.45214109882093 1
36.6310799319338 127.45161483335274 1
36.62829827712674 127.4531119513667 1
36.62830227564681 127.45290223166447 1
36.62820315683392 127.45300426272459 1
36.62815144262004 127.45302037289198 1
36.628297952807664 127.45278922370645 1
36.6283798334746 127.45250998080499 1
36.62850049956205 127.45240257968904 1
36.62837552396799 127.45244554013539 1
36.62854359454747 127.45233276896366 1
36.6287073552724 127.45197834528103 1
36.62834498422608 127.45238210298848 1
36.62810365137528 127.45218878097978 1
36.62845277961723 127.45155066893382 1
36.628586374076406 127.45164732993817 1
36.628064923423686 127.45228099652226 1
36.62824592322357 127.45246357841938 1
36.62828470883968 127.45253875920058 1
36.628064923423686 127.45297373372017 1
36.62744436278239 127.45161531256302 1
36.62734143089329 127.4515301865955 1
36.62732850219852 127.45097170079259 1
36.627203524703965 127.45076763867226 1
36.62714319066854 127.45081059911863 1
36.62714750024406 127.45089114995558 1
36.62710009490004 127.45080522906282 1
36.627061308687786 127.45077837878388 1
36.62703114162033 127.45074615844906 1
36.62701821287348 127.45071393811426 1
36.62723800127444 127.45067634772371 1
36.627220762991136 127.45060116694255 1
36.6272897161012 127.45050450593817 1
36.627199215131554 127.45055820649614 1
36.627220762991136 127.45048302571497 1
36.627220762991136 127.45010175175334 1
36.62717766726599 127.45010175175334 1
36.6271604289692 127.45054209632875 1
36.62709578532188 127.45054209632875 1
36.62706561826788 127.45056357655194 1
36.62702252245602 127.4506280172215 1
36.62697511703511 127.45069782794691 1
36.626953569106874 127.45067634772371 1
36.62692340199723 127.45070856805849 1
36.62689323487579 127.45082670928603 1
36.62683290059747 127.45048302571497 1
36.62718570885009 127.45208835668346 1
36.626983158640336 127.4524535204777 1
36.626871109359435 127.45236759958495 1
36.62705642154362 127.45199706573489 1
36.631225601353165 127.45485557327274 1
36.63106184597939 127.45476965237998 1
36.63128162284852 127.4546676213198 1
36.63159620433523 127.45479650265897 1
36.63156603904288 127.45483409304954 1
36.63154449239822 127.45489316366333 1
36.63129024153651 127.45459781059445 1
36.6313979750549 127.45434004791618 1
36.63153587373868 127.45409839540528 1
36.631561671961414 127.45500586718185 1
36.631764210138016 127.45508641801881 1
36.63184126691921 127.45492504573203 1
36.63193176243772 127.45479079433711 1
36.63216877400626 127.4545974723284 1
36.63241009412707 127.45476931411392 1
36.63230667131069 127.45477468416972 1
36.63223341339843 127.45481227456028 1
36.63214291823419 127.45487671522987 1
36.6320567322647 127.45496263612263 1
36.63199640202869 127.45505392707119 1
36.63196192758692 127.45515595813133 1
36.63207827876611 127.45465117288634 1
36.63243456375303 127.45445855559863 1
36.63241732663205 127.45451762621241 1
36.63234837810972 127.4545498465472 1
36.63243025447313 127.4542813437573 1
36.63243025447313 127.4540558014138 1
36.63241732663205 127.45360471672679 1
36.63233114096948 127.45429208386892 1
36.63229666667745 127.45420616297615 1
36.632619822577404 127.45404561380344 1
36.63265860599222 127.45309511392726 1
36.6322590159177 127.45504893474583 1
36.63230210880136 127.45515096580596 1
36.632289180938805 127.45523688669871 1
36.6322590159177 127.45529595731253 1
36.63217713937231 127.45522077653136 1
36.63227625307404 127.45536576803788 1
36.63237105736514 127.45544631887485 1
36.63251757285827 127.4553765081495 1
36.63226763449635 127.45543020870744 1
36.63227194378534 127.4555805702698 1
36.632310727375206 127.45569871149732 1
36.632323655234174 127.45580074255749 1
36.63254773777816 127.45566649116256 1
36.63248740792657 127.45616590635173 1
36.63243569658763 127.45612294590532 1
36.63287093260737 127.45625719730029 1
36.632784747452135 127.45622497696549 1
36.63291833440166 127.45636996847206 1
36.63319843531818 127.45721843728805 1
36.63338373228799 127.45763193158446 1
36.628004327940715 127.45294622946012 1
36.62787935154205 127.45294085940431 1
36.62775437494074 127.45301067012967 1
36.627607850391456 127.45316640174784 1
36.62756044533059 127.453241582529 1
36.62751304024056 127.45332750342176 1
36.62746563512137 127.45347786498408 1
36.62738806304525 127.45311270118984 1
36.6268840025885 127.45265617879384 1
36.62671592838984 127.45232323533439 1
36.62628881035634 127.45343413216352 1
36.626233153987776 127.45377245695428 1
36.62649173114586 127.45368653606153 1
36.6264486350131 127.45367579594993 1
36.62541672426851 127.45369292091556 1
36.625321911422226 127.45389698303586 1
36.62520124035827 127.45396142370542 1
36.62502023340812 127.45393994348223 1
36.62505471095521 127.45318813567056 1
36.62746002827322 127.45381542303842 1
36.627580695800745 127.45462630146388 1
36.627382456191455 127.45462630146388 1
36.627205763935955 127.4545457506269 1
36.626912712472866 127.4543470585624 1
36.62674894793463 127.45425039755803 1
36.62654639657705 127.45419669700007 1
36.62634815430738 127.45420206705587 1
36.626201627084704 127.45425039755803 1
36.626175769310606 127.45429872806024 1
36.627601346114666 127.4547389373292 1
36.62781251377671 127.45496984972853 1
36.627864228217994 127.45509336101183 1
36.62754963149698 127.45487318872416 1
36.627515155065915 127.45521150223941 1
36.62778234700327 127.45515780168142 1
36.62801506180688 127.45515780168142 1
36.62792456168896 127.45561962648 1
36.62754532194396 127.45565184681479 1
36.627381740903864 127.4560701699413 1
36.627579980515016 127.45606479988548 1
36.627429146074654 127.45638700323337 1
36.627312787876136 127.45628497217321 1
36.62737312177879 127.45611313038769 1
36.62723521564616 127.4561238704993 1
36.62720073907443 127.45619905128045 1
36.62838832809091 127.45586963996448 1
36.62833661400129 127.45585352979707 1
36.62595559572863 127.45431406585344 1
36.62585216425002 127.45434091613242 1
36.625796138807836 127.4543999867462 1
36.625800484001644 127.45507137902733 1
36.62579617435081 127.45501767846936 1
36.625800484001644 127.45514655980847 1
36.625464330512216 127.45515192986429 1
36.62545571117269 127.45502841858091 1
36.62544709183223 127.45455048361495 1
36.62610215896188 127.45506600897151 1
36.626123707128116 127.4546256643961 1
36.62610157694803 127.45545674327144 1
36.62625218295856 127.4536332978005 1
36.62601084355459 127.4536816283027 1
36.625921069713016 127.4554683967014 1
36.625921069713016 127.45555968764998 1
36.62611500344815 127.45583356049566 1
36.62613224197877 127.45608058306239 1
36.62641236756095 127.45578522999351 1
36.62612362271393 127.45632223557327 1
36.62594261792989 127.45633297568486 1
36.62586073467366 127.45634371579648 1
36.625856411697576 127.45556013303366 1
36.625774528349766 127.45556550308947 1
36.62577883800182 127.45633879112431 1
36.62586072134505 127.45646767246343 1
36.625856411697576 127.45533996074593 1
36.62528757165883 127.45535617803095 1
36.625459958642125 127.45567838137877 1
36.62528757165883 127.45566764126718 1
36.625459958642125 127.45648925980423 1
36.62612311622876 127.4563917869613 1
36.6261274258613 127.45663880952799 1
36.6260714006192 127.45653140841203 1
36.626032613889265 127.45670325019755 1
36.62600244641917 127.45697712304323 1
36.62629566128563 127.45729927001342 1
36.62620515914877 127.45727241973442 1
36.62600260636212 127.45719186889745 1
36.625976752964114 127.45731005522718 1
36.62590348903455 127.45717043377643 1
36.62577419957721 127.45711673321846 1
36.62558888431015 127.4569771117677 1
36.62586901186712 127.45727246483658 1
36.62567938717065 127.45717580383221 1
36.62555009733739 127.4570469224931 1
36.62545097498503 127.45719191399962 1
36.625446718629355 127.45684300695471 1
36.62584281632341 127.45755653656815 1
36.62603675025546 127.45774448852104 1
36.62666164516151 127.45732562416883 1
36.62663147793762 127.45732562416883 1
36.62652373775587 127.45732025411304 1
36.62656252423864 127.45766393768407 1
36.62662285872863 127.45743839534059 1
36.62663147793762 127.45692286998403 1
36.62660131070191 127.45692286998403 1
36.62662716833326 127.45679398864488 1
36.62659269148953 127.45679398864488 1
36.62658407227619 127.45648252540865 1
36.627105532948136 127.4574491354522 1
36.62705381799776 127.45739543489418 1
36.62692022088206 127.45734173433624 1
36.62711867937726 127.45777127114683 1
36.62705834527542 127.45771220053308 1
36.62704541653316 127.45794311293236 1
36.62697215361944 127.4578894123744 1
36.62695060569037 127.4582545761686 1
36.62755284806259 127.45784894108444 1
36.62769506317178 127.45754821795975 1
36.62804413550899 127.45669974914375 1
36.628354420703666 127.45695751182203 1
36.62851731550123 127.45560385184176 1
36.62876295654188 127.45535145921923 1
36.62899997785642 127.45555015128376 1
36.6291939038443 127.45519572760111 1
36.62902152521251 127.45504536603879 1
36.629361972639096 127.45491111464383 1
36.62946539940753 127.45443317967786 1
36.629642086482534 127.454588911296 1
36.62987479567051 127.45424522772494 1
36.62999115000099 127.45492185475543 1
36.63038330589509 127.45468557230035 1
36.6304307092196 127.45488426436488 1
36.630301427356734 127.45513665698734 1
36.62965932422426 127.45548034055841 1
36.629590373234215 127.45559848178597 1
36.62940937659186 127.455915315078 1
36.62968949026299 127.45617307775628 1
36.629883414515824 127.45584550435264 1
36.62996098408034 127.45572199306928 1
36.62990062110513 127.4563769481925 1
36.629999737734906 127.45621047646279 1
36.63051255652239 127.45531367714459 1
36.63018729931227 127.45633085024639 1
36.63011403938522 127.45645973158551 1
36.630174371094895 127.45652954231088 1
36.63009249233457 127.45644899147392 1
36.629976138157105 127.45685174565874 1
36.6299028780293 127.45678730498916 1
36.62974342927513 127.45665842365003 1
36.630376504197834 127.45645462086702 1
36.630548879798866 127.45659424231778 1
36.630850927119894 127.45607256325569 1
36.631303409464586 127.45653438805428 1
36.631303409464586 127.45657734850064 1
36.63151456698287 127.45677604056516 1
36.63163953748644 127.45688881173693 1
36.631467164325045 127.45701232302025 1
36.63141545230145 127.45698547274128 1
36.631277553402164 127.4571734246942 1
36.63117843841589 127.45723249530796 1
36.631143963608174 127.45716268458261 1
36.63123876929228 127.4574204472609 1
36.63123015059854 127.45736137664713 1
36.63119998516289 127.45745266759565 1
36.630842308382775 127.45687270156952 1
36.63080783342471 127.45713046424781 1
36.631243078638796 127.45755469865581 1
36.63131633749255 127.45773191049713 1
36.63150594831997 127.45791449239425 1
36.631867931331385 127.45804874378922 1
36.631747270516506 127.45801652345442 1
36.631997210566226 127.4582742861327 1
36.63155335095395 127.45882740187986 1
36.631070704590584 127.45768895005078 1
36.63115689166288 127.45749025798625 1
36.630971589338266 127.45751710826526 1
36.630682861572325 127.45748488793045 1
36.63060529273445 127.45746877776305 1
36.63068717094993 127.45766746982757 1
36.630751811584894 127.45790375228265 1
36.6307431928367 127.45811855451458 1
36.63068717094993 127.4584676081414 1
36.63048032055363 127.45838168724865 1
36.63060998417944 127.45899288136246 1
36.63085561854996 127.45905195197622 1
36.63055827158065 127.45932582482189 1
36.630803906115965 127.4593526751009 1
36.63092456840795 127.45890696046968 1
36.63115727372325 127.45893381074865 1
36.63122622331132 127.45954599710963 1
36.631088324073446 127.45951914683063 1
36.63118743917562 127.45988968068066 1
36.63082545296767 127.45985746034586 1
36.630851309181764 127.45961580783498 1
36.63079959674489 127.45957821744437 1
36.630493630783306 127.4597446891741 1
36.63044622749749 127.45992190101542 1
36.630502249559434 127.46004541229878 1
36.630450536888304 127.45999708179659 1
36.63026523286519 127.45992727107124 1
36.6299808118699 127.45986820045746 1
36.62974379357194 127.45978764962051 1
36.629545559526555 127.45967487844875 1
36.62951108398836 127.45986820045746 1
36.62911030472503 127.46011522302413 1
36.6294809178798 127.45960506772339 1
36.62935163442358 127.45925601409654 1
36.62934288668145 127.45891798810746 1
36.629614381719804 127.45860652487117 1
36.62954543068956 127.45856893448057 1
36.62985140041579 127.45819840063058 1
36.63039405275774 127.45742027249008 1
36.630187201574664 127.45746860299225 1
36.63000620633399 127.45754915382922 1
36.62992432739502 127.45752767360605 1
36.62947183695287 127.45714102958861 1
36.629545097490436 127.45700677819364 1
36.62979504468264 127.45722158042555 1
36.6294028857951 127.45726454087192 1
36.629721784382696 127.45752230355026 1
36.62962266739545 127.45745249282486 1
36.62955802581335 127.4575760041082 1
36.629325315668844 127.4573880521553 1
36.628601475110955 127.4586551428995 1
36.62910999373739 127.45894512591258 1
36.62903242331633 127.45890753552203 1
36.62890744858486 127.4588323547408 1
36.62877385468229 127.45918677842346 1
36.62886554888769 127.4593351836804 1
36.62850355177326 127.45998496043187 1
36.62814586247819 127.46003329093408 1
36.6280898387033 127.46009236154782 1
36.62511597512805 127.45659816346723 1
36.624922038879234 127.4564316917375 1
36.624835844834244 127.45632429062157 1
36.62478843806842 127.45628133017519 1
36.62500823282787 127.45616855900344 1
36.624939277676674 127.45615781889182 1
36.624939277676674 127.45601282738531 1
36.62479274777561 127.45615781889182 1
36.62480136718928 127.45566377375847 1
36.62444816148581 127.45600704013468 1
36.624689505782776 127.45600167007888 1
36.62447401983948 127.45591574918612 1
36.62436196691092 127.45584593846074 1
36.624405064210414 127.45598018985571 1
36.62452573652081 127.45651719543548 1
36.62458176288643 127.45638831409632 1
36.6245429754069 127.4562325824782 1
36.624405064210414 127.45606074069266 1
36.6242930111816 127.45608222091587 1
36.62420250669324 127.45581908818177 1
36.62404735589454 127.45588352885136 1
36.62404735589454 127.45596407968831 1
36.62385341695703 127.45640442426371 1
36.62403873639657 127.45568483678683 1
36.62396547062489 127.45580834807019 1
36.62385341695703 127.45573316728904 1
36.62371550452681 127.4559963000231 1
36.62383186815606 127.45551299500131 1
36.62356897229933 127.45601241019047 1
36.62661784271475 127.45221331123537 1
36.626531650566136 127.45221331123537 1
36.626531650566136 127.45278253714993 1
36.62635064674033 127.45311548060936 1
36.62635064674033 127.45279327726152 1
36.62456063192568 127.45251101251652 1
36.625819059906505 127.45255397296287 1
36.625844917800265 127.45280099552956 1
36.62360786690097 127.45531291314511 1
36.62419399384375 127.45521625214074 1
36.62348719315359 127.45524310241971 1
36.62347857359296 127.45517866175015 1
36.623418236641704 127.45503367024361 1
36.623392377933826 127.45499607985302 1
36.623392377933826 127.45506052052258 1
36.623439785558304 127.45519477191753 1
36.623370829004 127.45484034823492 1
36.62336651921732 127.45436241326888 1
36.62418520552953 127.45430858304226 1
36.62337927974227 127.45394341924802 1
36.62340082866973 127.4537984277415 1
36.62418951527045 127.45397026952702 1
36.624159347078965 127.45391656896906 1
36.62452201326742 127.45396560419222 1
36.62492281639054 127.45397634430378 1
36.624560800757514 127.45480333289663 1
36.62493143578965 127.45478722272922 1
36.62495729398121 127.45558199098727 1
36.62463406596334 127.4555605107641 1
36.624590968791864 127.45551755031771 1
36.623419302963704 127.45350942570005 1
36.62408300682092 127.45293482972967 1
36.62432020247423 127.45248993821257 1
36.62345451876593 127.45531149806537 1
36.622846837123916 127.45646606006184 1
36.623221790192474 127.45670234251693 1
36.62333815456702 127.45678826340969 1
36.62348037745294 127.45655198095463 1
36.62325626854399 127.45711046675753 1
36.623221790192474 127.45720712776189 1
36.62304939820355 127.45705139614378 1
36.62361398053099 127.4575078508866 1
36.62367000755933 127.45727156843151 1
36.62342004050309 127.45735748932427 1
36.623691556405525 127.45679363346551 1
36.62383377863941 127.45694936508362 1
36.62377344196616 127.45686881424665 1
36.62506979033566 127.45669136561912 1
36.6249620479709 127.45662155489372 1
36.62478105378782 127.45648176430996 1
36.6249362031097 127.45667508631868 1
36.624832770263154 127.45666434620709 1
36.624761513516795 127.45644808943108 1
36.624959759867366 127.45688306395067 1
36.62509767007136 127.45699583512244 1
36.624739964969706 127.4572643379123 1
36.62469255814492 127.45728581813547 1
36.62477444264218 127.45737173902823 1
36.624451213857526 127.45769931243193 1
36.624554647216065 127.45781208360366 1
36.62453309861116 127.45777986326888 1
36.62446414303492 127.4579570751102 1
36.624800300886385 127.45806984628197 1
36.62474858438927 127.45817724739788 1
36.624722726127715 127.45820946773269 1
36.624623602711345 127.4583813095182 1
36.62435639982357 127.45812891689575 1
36.62493390167664 127.4583705694066 1
36.6249942374415 127.45827927845804 1
36.62430461638428 127.45757060586355 1
36.624132226817025 127.45774244764907 1
36.62398569538176 127.45793576965781 1
36.62396845637105 127.45809687133172 1
36.623895190532544 127.45823112272669 1
36.62389950028968 127.45847277523755 1
36.62406327088219 127.45857480629773 1
36.62398569538176 127.45856406618611 1
36.62418394372769 127.4584029645122 1
36.62405034163752 127.4586392469673 1
36.623981385629435 127.45878423847384 1
36.623778826998915 127.45910107176589 1
36.62430204828912 127.45884686941992 1
36.6243063580235 127.45909389198665 1
36.62419430485121 127.45936776483228 1
36.623746090533004 127.45933554449753 1
36.623931699024226 127.45951234478177 1
36.62442731928022 127.46000638991518 1
36.62410408903991 127.45996342946879 1
36.62410408903991 127.45986139840862 1
36.62379378673406 127.45954993517236 1
36.62373345002952 127.45944790411222 1
36.624526442949 127.4597217769579 1
36.62503067876887 127.45954456511657 1
36.62580211009246 127.45959826567453 1
36.62464994084339 127.4588464860517 1
36.62455943677412 127.45900221766986 1
36.624809400135426 127.45927072045973 1
36.62520642078607 127.45847056523259 1
36.6252667563376 127.45833094378183 1
36.62523658856775 127.45827724322388 1
36.625245207931755 127.45815910199632 1
36.62520211110201 127.4581644720521 1
36.625180562678096 127.4582181726101 1
36.62504696231538 127.45924922332324 1
36.62474528322516 127.45896461036595 1
36.625025413848086 127.45848130534418 1
36.62538742729899 127.45879813863623 1
36.625318472487045 127.45927070354644 1
36.62519349173318 127.45915793237467 1
36.62545207237916 127.45868536746447 1
36.62529692409567 127.45856722623694 1
36.62559429136468 127.45876591830147 1
36.62628755296603 127.4593877228582 1
36.626214289331905 127.45933402230018 1
36.62599880765142 127.45971529626183 1
36.626257385595714 127.45997305894014 1
36.626628012469695 127.45878627660883 1
36.62719687815798 127.45846407326098 1
36.626485973104835 127.45958067277421 1
36.62659371333938 127.45948401176987 1
36.626822122138535 127.45909199769665 1
36.62679195497744 127.4591403281988 1
36.62669714382285 127.45898459658068 1
36.626977267351926 127.45882886496256 1
36.62714103140503 127.45895774630169 1
36.627434081999986 127.45845296105671 1
36.627455572037796 127.4597303578044 1
36.627623644623505 127.45966591713484 1
36.627546072706416 127.45959610640949 1
36.62780895499828 127.45933834373116 1
36.62793824104238 127.4591289115551 1
36.62773569281034 127.45926316295002 1
36.62786497897734 127.45903225055072 1
36.627653811459055 127.45940278440078 1
36.628015812564755 127.46025125321677 1
36.62833902640088 127.46054660628567 1
36.62818388392871 127.46080436896395 1
36.62877859504271 127.45984849903198 1
36.62898975947917 127.46001497076169 1
36.62909318674712 127.45971424763701 1
36.62917075710703 127.45914502172248 1
36.629218161177405 127.45905910082972 1
36.62882271175869 127.4614123861136 1
36.62940879904568 127.46040281562368 1
36.629594105128106 127.46033837495408 1
36.62985698043415 127.46084316019909 1
36.63019742417002 127.46092371103603 1
36.63049477253165 127.46124054432809 1
36.63044736924652 127.46132109516505 1
36.63027068401779 127.46132646522084 1
36.63016294892344 127.46129961494185 1
36.630137092478364 127.46125665449549 1
36.62627844500578 127.46038169621762 1
36.62627413538167 127.46032262560385 1
36.626200871734795 127.46038706627341 1
36.62608451168188 127.4606340888401 1
36.626649071778495 127.46068778939805 1
36.62690764754121 127.46093481196478 1
36.62700676802025 127.46109054358291 1
36.62705848300217 127.46126775542422 1
36.62772646506669 127.46256730892723 1
36.62759286911693 127.46200345306852 1
36.62748943983553 127.46203030334748 1
36.62757132136144 127.46245453775546 1
36.627549773599895 127.46181550111558 1
36.62750667805871 127.46169198983223 1
36.627424796464126 127.46161143899526 1
36.62716622243642 127.4614879277119 1
36.62711019794941 127.46143959720975 1
36.62705848300217 127.46135904637278 1
36.62704555425995 127.46149866782349 1
36.626834384496505 127.46190142200834 1
36.62609688522856 127.46024666117295 1
36.62595897681242 127.46014463011281 1
36.6260882659598 127.4598868674345 1
36.625920190025916 127.46012314988958 1
36.62583830674584 127.46004259905261 1
36.625877093573564 127.45996741827148 1
36.625963286454144 127.45978483637437 1
36.62576073303187 127.4598707572671 1
36.62584261639433 127.45970428553737 1
36.62569177855391 127.46056349446499 1
36.62583830674584 127.46068700574835 1
36.62554054055851 127.46081000399482 1
36.625424179508705 127.46072945315787 1
36.62551468256264 127.46121275817961 1
36.62538108277904 127.4611053570637 1
36.625213005303046 127.46055224131655 1
36.62517852782674 127.46060594187449 1
36.625273340849404 127.46101406611513 1
36.62541556016471 127.46138459996513 1
36.625402631146876 127.46148663102532 1
36.625333676348546 127.46162088242026 1
36.62528196020931 127.46163699258766 1
36.625346605377956 127.46140608018835 1
36.62526472148851 127.46154570163911 1
36.62509664375878 127.4619806761587 1
36.6251397406475 127.46243713090152 1
36.625126811583414 127.46227602922755 1
36.62510957282791 127.46233509984135 1
36.6250319983805 127.46253916196163 1
36.62652744758409 127.46260360263123 1
36.626570543672784 127.46279692463996 1
36.62641539764066 127.4628506251979 1
36.626385230320395 127.46272711391455 1
36.62634213412806 127.46287747547692 1
36.62633351488673 127.46281303480731 1
36.62588531300798 127.46303857715083 1
36.625648282114646 127.4630761675414 1
36.62536384408043 127.46319430876895 1
36.6255103728958 127.46303320709504 1
36.62536384408043 127.46286673536531 1
36.625333676348546 127.46316745848995 1
36.62530350860488 127.46321578899216 1
36.625208695619335 127.46325337938272 1
36.625195766566826 127.46321041893636 1
36.62527765052947 127.46275933424936 1
36.625234553717874 127.46278081447255 1
36.62520007625124 127.4626841534682 1
36.624997520823285 127.46264656307758 1
36.62493287536188 127.46252305179428 1
36.62490701716212 127.46251768173848 1
36.62495442385502 127.46228139928336 1
36.62471316924621 127.46364340896167 1
36.62481660225327 127.4635628581247 1
36.62641260747409 127.45861140444116 1
36.62629624774083 127.45884231684047 1
36.62602905065154 127.45862751460857 1
36.62617557820232 127.45838586209769 1
36.62631348623095 127.45813883953099 1
36.6264639851994 127.45651266540708 1
36.626425198667036 127.45643748462594 1
36.62640796020193 127.456195832115 1
36.62635624478351 127.45620120217079 1
36.62476720497693 127.46244617404498 1
36.62473703701154 127.46242469382179 1
36.62465084275969 127.46247839437974 1
36.62468532047199 127.46229581248262 1
36.624827540872296 127.46220989158986 1
36.62470686903438 127.46217767125509 1
36.624866328208654 127.46203804980433 1
36.624741346721606 127.46200045941379 1
36.6248016826372 127.46169973628909 1
36.62496114161533 127.46182324757245 1
36.624974070707204 127.46154400467097 1
36.624784443809 127.46162992556374 1
36.62470686903438 127.46148493405722 1
36.62466808161776 127.46146345383401 1
36.62469824961015 127.46137216288547 1
36.62469367776452 127.46254843625361 1
36.62457731543626 127.46304248138702 1
36.62451697934505 127.46314451244713 1
36.62442647511966 127.46321432317254 1
36.624323041589115 127.46323043333989 1
36.62452128906741 127.46298878082901 1
36.624435094574295 127.46311229211237 1
36.62437906810206 127.46313914239134 1
36.624267015035436 127.46314988250293 1
36.624245466350104 127.46319821300513 1
36.62409031563789 127.46298878082901 1
36.623991191408265 127.4629565604942 1
36.62412479360094 127.46274712831811 1
36.62400412066283 127.46269879781592 1
36.62418082025798 127.46246251536085 1
36.624111864366604 127.46231752385431 1
36.62407307665062 127.4623443741333 1
36.62391361583527 127.46266657748117 1
36.623887757293595 127.46262898709057 1
36.62387482801951 127.46259139669999 1
36.62407307665062 127.46223160296155 1
36.62396533289262 127.46220475268257 1
36.62377570351277 127.46265046731376 1
36.62374553515933 127.46268268764858 1
36.62375415469009 127.462564546421 1
36.62371105702664 127.46260750686736 1
36.62378432304015 127.46240881480287 1
36.62378863280347 127.46231215379852 1
36.623857588984016 127.46197921033907 1
36.623577454116855 127.46247862552825 1
36.62364641048631 127.46213494195719 1
36.62344385097551 127.4623443741333 1
36.62351711724298 127.4620919815108 1
36.623336106338 127.46221012273837 1
36.62337920421109 127.46204902106443 1
36.62317233420056 127.46198458039484 1
36.62316802440279 127.46201680072964 1
36.62378432304015 127.46205976117605 1
36.62373260586138 127.46240881480287 1
36.62381880114007 127.46196310017167 1
36.62374553515933 127.46199532050645 1
36.62390499632237 127.46178051827455 1
36.623892067051166 127.4616999674376 1
36.6238144913784 127.46161404654484 1
36.62383604018424 127.46183958888831 1
36.62383173042356 127.46174292788396 1
36.62380587185441 127.4617053374934 1
36.62337920421109 127.46147979514987 1
36.623758464455115 127.4616784872144 1
36.62355590523876 127.46162478665644 1
36.62356883456635 127.46193624989267 1
36.623767083984426 127.46185032899993 1
36.62359469321502 127.46179662844196 1
36.62348263900813 127.46175903805137 1
36.62346109010355 127.4616301567122 1
36.62342230206006 127.4616570069912 1
36.62341799227623 127.46188254933473 1
36.62339644335358 127.46180736855352 1
36.62331886718203 127.4618610691115 1
36.62301718132834 127.46178051827455 1
36.62306027937972 127.46137776408973 1
36.62298270286986 127.46172144766076 1
36.62298270286986 127.4616408968238 1
36.62288357721591 127.46174292788396 1
36.622853408513286 127.4616999674376 1
36.622853408513286 127.4616570069912 1
36.623193883185884 127.46072261728243 1
36.623185263592475 127.46067965683605 1
36.62315940480648 127.46065817661285 1
36.623163714604736 127.46074409750558 1
36.62273704340696 127.46070113705923 1
36.62260774863834 127.46072261728243 1
36.62259912897939 127.46067428678023 1
36.623129236211824 127.46068502689184 1
36.62262517456163 127.46080920343181 1
36.62260793524665 127.46088975426876 1
36.6225174287798 127.46127639828617 1
36.62265965318 127.46142138979273 1
36.62253035828159 127.46138379940213 1
36.622405373006934 127.46117436722601 1
36.62246140091372 127.46090049438038 1
36.622284697377104 127.46105085594267 1
36.62231486630226 127.46090586443613 1
36.622164021558326 127.46092197460354 1
36.62222004964053 127.4607555028738 1
36.62218126097259 127.46070717237164 1
36.622116613149274 127.4607823531528 1
36.6221036835781 127.4607340226506 1
36.62206058499188 127.46054070064193 1
36.621991627203826 127.46088438421296 1
36.621935598955574 127.46090049438038 1
36.62197438774715 127.46083068365498 1
36.62185802131387 127.46099178532893 1
36.622238546498664 127.46144862907767 1
36.62448825530518 127.46377923329386 1
36.6256 127.4544 10
36.6289 127.4524 10
36.6292 127.4515 10
36.6295 127.4516 10
36.6294 127.4527 10
36.63 127.4532 10
36.6305 127.4516 10
36.628 127.4543 10
36.6283 127.455 10
36.6277 127.4553 10
36.6269 127.454 10
36.6263 127.4546 10
36.6264 127.4554 10
36.6253 127.4548 10
36.6255 127.4555 10
36.625 127.4558 10
36.6262 127.4561 10
36.6263 127.4568 10
36.6267 127.4568 10
36.6271 127.4569 10
36.6269 127.4571 10
36.6278 127.4568 10
36.6321948575801 127.453846444648 10
36.632529897419 127.455192901221 10
36.6321468810331 127.455791613679 10
36.6324858875339 127.455508499909 10
36.6328333460932 127.455960574155 10
36.6330790639651 127.456507089942 10
36.6332685350216 127.45703371041 10
36.6301069900182 127.454896344564 10
36.6292991299473 127.45524936732 10
36.6284752537821 127.457430254182 10
36.6300586965713 127.456919721655 10
36.6309929309684 127.456511555578 10
36.6295649528289 127.457604399914 10
36.6301285463239 127.45867546567 10
36.6307331992096 127.457270300561 10
36.6307600761081 127.458483548769 10
36.6309594882096 127.459351224711 10
36.6305788872553 127.459902401566 10
36.6303815198616 127.460840390077 10
36.6307213592256 127.460344879537 10
36.6299287932991 127.460233951419 10
36.6290209959912 127.460793158349 10
36.6285587828492 127.460309656824 10
36.6282108667957 127.459396403228 10
36.6276363750659 127.458817218637 10
36.6273055961688 127.459301590028 10
36.6272915138843 127.460615161822 10
36.6269192235308 127.462507954933 10
36.6271069863018 127.461726475583 10
36.6280559881146 127.462162572517 10
36.6250642590008 127.460993199109 10
36.6246822385158 127.460744971451 10
36.6256393595993 127.460247576904 10
36.6267235340714 127.458347839323 10
36.6263610985384 127.457691668396 10
36.6260658570468 127.458894553637 10
36.6254413968042 127.459005444488 10
36.6250770284366 127.458852357674 10
36.6246433186502 127.458570295311 10
36.6254416186898 127.458362608513 10
36.6246226052616 127.459268901396 10
36.6252264138241 127.459255714071 10
36.6241405458871 127.458086594639 10
36.6251534178949 127.45714790048 10
36.6249208229661 127.457878797538 10
36.6233376505809 127.458570295311 10
36.6235099199516 127.456869887245 10
36.6238509629329 127.455968922771 10
36.6265483835358 127.462282140408 10
36.627 127.4504 10
36.6276 127.4524 10
36.6310376229787 127.457780815932 10
36.6311893289092 127.458167444292 10
36.6315040291743 127.458348197791 10
36.6318724514313 127.458618716725 10
36.6242021663457 127.459635333851 10
36.62883932326356 127.46059013614658 1
36.62864970587499 127.46117547222855 1
36.62776187444818 127.45197254675485 1
36.627675683578964 127.45282638562671 1